loss weight + deeper 3*3
nm=0.8606741573033708
bg=0.45961820851688695
cl=0.15689149560117302
