nm=0.6359550561797753
bg=0.2261380323054332
cl=0.10117302052785923
nm=0.6539325842696629
bg=0.21659324522760645
cl=0.07404692082111437
nm=0.5715355805243446
bg=0.19309838472834068
cl=0.09237536656891496
nm=0.7123595505617978
bg=0.2488986784140969
cl=0.10043988269794721
