nm=0.9280898876404494
bg=0.5411160058737151
cl=0.19574780058651026
