nm=0.9318352059925094
bg=0.5741556534508077
cl=0.22360703812316715
