nm=0.9348314606741573
bg=0.5440528634361234
cl=0.16202346041055718
