nm=0.9318352059925094
bg=0.5653450807635829
cl=0.24120234604105573
