nm=0.9355805243445693
bg=0.5440528634361234
cl=0.17961876832844575
