nm=0.9340823970037453
bg=0.5954478707782672
cl=0.20674486803519063
