nm=0.9423220973782771
bg=0.48164464023494863
cl=0.2089442815249267
