loss wieght 都沒有調整
nm=0.9250936329588015
bg=0.460352422907489
cl=0.1378299120234604
