nm=0.8868913857677903
bg=0.40969162995594716
cl=0.14809384164222875
nm=1.0
bg=1.0
cl=0.6090909090909091
