angle domain loss weight 為0.5
---------------------------------
nm=0.9228464419475655
bg=0.5176211453744494
cl=0.15029325513196481
