nm=0.9483146067415731
bg=0.6380323054331865
cl=0.16715542521994134
