nm=0.9438202247191011
bg=0.5873715124816447
cl=0.17302052785923755
