nm=0.9468164794007491
bg=0.5521292217327459
cl=0.15542521994134897
nm=0.9468164794007491
bg=0.5521292217327459
cl=0.15542521994134897
