nm=0.9580524344569289
bg=0.6064610866372981
cl=0.2001466275659824
