nm=0.9243445692883895
bg=0.591776798825257
cl=0.1627565982404692
