nm=0.9550561797752809
bg=0.6218795888399412
cl=0.22067448680351906
nm=0.9550561797752809
bg=0.6218795888399412
cl=0.22067448680351906
