nm=0.9423220973782771
bg=0.5748898678414097
cl=0.17228739002932553
