nm=0.9445692883895132
bg=0.5903083700440529
cl=0.18035190615835778
