nm=0.9355805243445693
bg=0.5976505139500734
cl=0.24780058651026393
