nm=0.8741573033707866
bg=0.45741556534508077
cl=0.15395894428152493
