nm=0.9333333333333333
bg=0.5308370044052864
cl=0.22580645161290322
