nm=0.9161048689138577
bg=0.5256975036710719
cl=0.15249266862170088
