nm=0.9415730337078652
bg=0.5939794419970631
cl=0.23607038123167157

nm=0.9415730337078652
bg=0.5939794419970631
cl=0.23607038123167157
nm=0.9415730337078652
bg=0.5939794419970631
cl=0.23607038123167157
