nm=0.9378277153558052
bg=0.48604992657856094
cl=0.16422287390029325
