nm=0.9250936329588015
bg=0.48091042584434657
cl=0.16348973607038123
